4.297064484657825e+02
4.798037756655441513e+02
5.945111041059949457e+02
6.482362252918637751e+02
7.241045085807975283e+02
8.744966759800496447e+02
7.343199864304691573e+02
8.635680533718895049e+02
8.773095337870430512e+02
1.090585006950482239e+03
1.314773185626086615e+03
1.285818741319487117e+03
1.449899561679950693e+03
1.191428292117393994e+03
1.585315489355235513e+03
1.499682078298933675e+03
2.040794947076995186e+03
1.974084662017349046e+03
2.068079175820237651e+03
1.946073414886028559e+03
2.138327394082170485e+03
2.190331089008816434e+03
2.002404055028825042e+03
1.967794484794705340e+03
2.025700214309659714e+03
1.891593879465214741e+03
1.850899414946769866e+03
1.861574299190751617e+03
1.724884743870238481e+03
1.941922671249862105e+03
1.468567458579595268e+03
1.832459791806076964e+03
1.538619099961546681e+03
1.505988973591777949e+03
1.339307612026670085e+03
1.486432188824781406e+03
1.435777604059700479e+03
1.468303484183899400e+03
1.338173626351318262e+03
1.403949129670326784e+03
1.622194369586501125e+03
1.413658625206509441e+03
1.270399625028139099e+03
1.468880555231757398e+03
1.320688779967740174e+03
1.417503551742408945e+03
1.423321803191036224e+03
1.294253313411816407e+03
1.093495346112554898e+03
1.317726349976956271e+03
1.452850084011242643e+03
1.337009890863683495e+03
1.465112163411487472e+03
1.556282907826301425e+03
1.353284076670946206e+03
1.621966124348067751e+03
1.691994459054764320e+03
1.624021393458500825e+03
1.645279367583430940e+03
1.640632807577788753e+03
1.813904946469263905e+03
1.505762452686244387e+03
1.472726446760268118e+03
1.550508515550118773e+03
1.316294868819434214e+03
1.206810653810190843e+03
1.281174364732311233e+03
1.428340449670161661e+03
1.408295628692402488e+03
1.107309650947456930e+03
1.029392127641707702e+03
1.186224369517433615e+03
1.156664154749564432e+03
1.124855798588840116e+03
1.152755628071960018e+03
1.155240799954641034e+03
9.992514425679730721e+02
9.810322575363194346e+02
7.768428422792558194e+02
7.245259799727293739e+02
7.891865760763529352e+02
7.703153151754387409e+02
7.244522919240004057e+02
6.678646540341165974e+02
6.338494734200105540e+02
5.916535252492978998e+02
4.200492943627115778e+02
4.388926288387884256e+02
4.605274133384939432e+02
4.341348950431664662e+02
3.235989341178498648e+02
3.967273247375943015e+02
3.165533824099575213e+02
3.019810238408207397e+02
2.971375216286043042e+02
2.914463260870160184e+02
2.182522510282674091e+02
2.637858870106376230e+02
2.285513742361116272e+02
1.984033633416298983e+02
1.988216324549633782e+02
1.524772518765044822e+02
1.748180111433599961e+02
1.830188408205364397e+02
1.612255494799059363e+02
1.626788407598020001e+02
1.612821828877363828e+02
1.607120789701417891e+02
1.729203212085462269e+02
1.541564312588586461e+02
1.488301842115344868e+02
1.598215875664351415e+02
1.824277521148631251e+02
1.458145135784899367e+02
1.591840900299199291e+02
1.282940074692377550e+02
1.743454649999169703e+02
1.656956675472993652e+02
1.786360050556537544e+02
1.592470636729988485e+02
1.461115314677846300e+02
1.811374094675622644e+02
1.827940033797330557e+02
1.587995271859263369e+02
1.518164592992861515e+02
1.906525813843888955e+02
1.838951808586714378e+02
2.420878783386868633e+02
1.848711518914207090e+02
1.914578011636245094e+02
2.051414901327539724e+02
1.773972268897646529e+02
1.988980176663636144e+02
2.606385730045381592e+02
2.263764892644877591e+02
2.206682270031953692e+02
2.099430869264185731e+02
2.603867875587481535e+02
2.682151444280667079e+02
2.637751628602684377e+02
2.524720506844616352e+02
2.764025951532477734e+02
2.841745347240707815e+02
2.602656861417137293e+02
3.026212381968292107e+02
2.291219392408384294e+02
2.582148572540945679e+02
2.932429148351251342e+02
3.053257224913942878e+02
2.785074797030530931e+02
3.326838022583772272e+02
3.641922357004989976e+02
3.524693414291115232e+02
3.534653333045420140e+02
3.842473487639975360e+02
3.795835666722784367e+02
3.328152589212087378e+02
3.798694323987223243e+02
4.527015672625623210e+02
3.682537114134868261e+02
4.343629942737495071e+02
