1.458517785623816843e-01
1.458517785400234301e-01
1.458517785153141955e-01
1.458517784880061230e-01
1.458517784578260146e-01
1.458517784244716120e-01
1.458517783876090435e-01
1.458517783468696871e-01
1.458517783018460356e-01
1.458517782520872275e-01
1.458517781970951332e-01
1.458517781363197208e-01
1.458517780691522825e-01
1.458517779949206339e-01
1.458517779128825631e-01
1.458517778222157280e-01
1.458517777220140754e-01
1.458517776112731312e-01
1.458517774888859753e-01
1.458517773536275874e-01
1.458517772041435789e-01
1.458517770389388124e-01
1.458517768563583061e-01
1.458517766545766869e-01
1.458517764315722387e-01
1.458517761851143846e-01
1.458517759127379854e-01
1.458517756117140018e-01
1.458517752790317035e-01
1.458517749113606432e-01
1.458517745050212644e-01
1.458517740559469589e-01
1.458517735596429332e-01
1.458517730111417998e-01
1.458517724049550879e-01
1.458517717350152620e-01
1.458517709946162977e-01
1.458517701763499264e-01
1.458517692720247283e-01
1.458517682725909703e-01
1.458517671680463201e-01
1.458517659473360650e-01
1.458517645982420896e-01
1.458517631072627496e-01
1.458517614594762035e-01
1.458517596383900050e-01
1.458517576257784276e-01
1.458517554014994722e-01
1.458517529432907245e-01
1.458517502265499755e-01
1.458517472240870583e-01
1.458517439058531484e-01
1.458517402386372286e-01
1.458517361857375183e-01
1.458517317065910757e-01
1.458517267563694542e-01
1.458517212855284517e-01
1.458517152393145888e-01
1.458517085572161587e-01
1.458517011723553802e-01
1.458516930108240406e-01
1.458516839909380358e-01
1.458516740224249097e-01
1.458516630055156915e-01
1.458516508299511905e-01
1.458516373738738270e-01
1.458516225026141033e-01
1.458516060673340220e-01
1.458515879035473251e-01
1.458515678294659002e-01
1.458515456441834557e-01
1.458515211256657396e-01
1.458514940285265682e-01
1.458514640815732066e-01
1.458514309850913182e-01
1.458513944078472513e-01
1.458513539837704431e-01
1.458513093082930145e-01
1.458512599342995097e-01
1.458512053676532805e-01
1.458511450622500538e-01
1.458510784145541084e-01
1.458510047575588831e-01
1.458509233541125938e-01
1.458508333895402742e-01
1.458507339634938504e-01
1.458506240809422649e-01
1.458505026422139139e-01
1.458503684319951421e-01
1.458502201071713578e-01
1.458500561833853959e-01
1.458498750201913385e-01
1.458496748046380076e-01
1.458494535331347763e-01
1.458492089914087408e-01
1.458489387323550768e-01
1.458486400515555392e-01
1.458483099602335409e-01
1.458479451553635897e-01
1.458475419866315792e-01
1.458470964199411468e-01
1.458466039970714723e-01
1.458460597911060697e-01
1.458454583571808238e-01
1.458447936780566667e-01
1.458440591039858458e-01
1.458432472862582485e-01
1.458423501037819647e-01
1.458413585819598735e-01
1.458402628030553427e-01
1.458390518071653319e-01
1.458377134828102994e-01
1.458362344460598370e-01
1.458345999070085053e-01
1.458327935222595850e-01
1.458307972319841661e-01
1.458285910799372032e-01
1.458261530146629237e-01
1.458234586699365121e-01
1.458204811222926778e-01
1.458171906232666737e-01
1.458135543037393511e-01
1.458095358475098857e-01
1.458050951309244614e-01
1.458001878250891337e-01
1.457947649568302195e-01
1.457887724241864469e-01
1.457821504618229957e-01
1.457748330512807222e-01
1.457667472704972100e-01
1.457578125764938670e-01
1.457479400145576809e-01
1.457370313465990164e-01
1.457249780907093895e-01
1.457116604632104906e-01
1.456969462137069349e-01
1.456806893428179428e-01
1.456627286914008168e-01
1.456428863891327807e-01
1.456209661493421126e-01
1.455967513959847137e-01
1.455700032076012729e-01
1.455404580620512645e-01
1.455078253647544562e-01
1.454717847421615196e-01
1.454319830811867942e-01
1.453880312945045050e-01
1.453395007908380443e-01
1.452859196289199573e-01
1.452267683335489168e-01
1.451614753523422230e-01
1.450894121324809716e-01
1.450098877980534051e-01
1.449221434107492990e-01
1.448253457998760207e-01
1.447185809520774857e-01
1.446008469572133137e-01
1.444710465147670542e-01
1.443279790154067821e-01
1.441703322252800845e-01
1.439966736168889205e-01
1.438054414103758227e-01
1.435949354135342415e-01
1.433633077782744125e-01
1.431085538264936508e-01
1.428285031396994420e-01
1.425208111551119483e-01
1.421829515665387345e-01
1.418122098913916218e-01
1.414056786355664397e-01
1.409602545649411565e-01
1.404726386745935585e-01
1.399393395323359768e-01
1.393566807584876444e-01
1.387208134842546903e-01
1.380277347003966704e-01
1.372733124578318364e-01
1.364533189024727533e-01
1.355634721057024372e-01
1.345994875758854126e-01
1.335571401900147170e-01
1.324323370529564003e-01
1.312212014605795285e-01
1.299201677014911738e-01
1.285260858747360735e-01
1.270363352309231975e-01
1.254489437765334559e-01
1.237627110450804091e-01
1.219773300801783589e-01
1.200935038578418851e-01
1.181130506773132999e-01
1.160389925617755641e-01
1.138756205260921944e-01
1.116285307746989891e-01
1.093046265546992191e-01
1.069120815383527573e-01
1.044602622298519412e-01
1.019596089128167460e-01
9.942147695038908162e-02
9.685794264330636894e-02
9.428158013459071729e-02
9.170521780556806224e-02
8.914168403936346963e-02
8.660355298441244076e-02
8.410290095053436776e-02
8.165108331371243033e-02
7.925854037429877486e-02
7.693463865727225015e-02
7.468755185994238599e-02
7.252418325897766471e-02
7.045012909318953964e-02
6.846968041697230889e-02
6.658585929858847063e-02
6.480048408836323881e-02
6.311425781990402661e-02
6.152687360151014306e-02
6.003713103911288707e-02
5.864305822007617047e-02
5.734203448515870494e-02
5.613091003373028159e-02
5.500611926589794171e-02
5.396378560132562147e-02
5.299981628220406388e-02
5.210998633775808936e-02
5.129001144501221798e-02
5.053560986212855127e-02
4.984255394178311455e-02
4.920671196371550343e-02
4.862408117185060968e-02
4.809081297743950101e-02
4.760323131052818929e-02
4.715784508143637532e-02
4.675135566395766801e-02
4.638066024268455712e-02
4.604285178641550486e-02
4.573521632428349804e-02
4.545522811575999217e-02
4.520054322332837243e-02
4.496899191961660491e-02
4.475857029041224039e-02
4.456743133193426243e-02
4.439387578514189525e-02
4.423634290154591225e-02
4.409340129352778970e-02
4.396373998703714120e-02
4.384615976506073265e-02
4.373956486585082321e-02
4.364295507987284856e-02
4.355541827322228360e-02
4.347612335229988911e-02
4.340431367430480636e-02
4.333930090019486731e-02
4.328045928075167914e-02
4.322722036194850959e-02
4.317906809266359308e-02
4.313553431565740615e-02
4.309619462143999408e-02
4.306066454400939852e-02
4.302859607731170100e-02
4.299967449153507121e-02
4.297361542890065084e-02
4.295016225939082832e-02
4.292908367777435036e-02
4.291017152432761300e-02
4.289323881273206240e-02
4.287811794977533508e-02
4.286465913260597421e-02
4.285272891044000082e-02
4.284220889872332461e-02
4.283299463484904757e-02
4.282499456557874867e-02
4.281812915733648750e-02
4.281233012152350914e-02
4.280753974795119959e-02
4.280371034038383399e-02
4.280080374907091478e-02
4.279879099597894143e-02
4.279765198925354619e-02
4.279737532423571328e-02
4.279795816912063816e-02
4.279940623410896650e-02
4.280173382364325235e-02
4.280496397205627024e-02
4.280912866369242925e-02
4.281426913929069211e-02
4.282043629115396544e-02
4.282769115036391683e-02
4.283610547004101238e-02
4.284576240940275033e-02
4.285675732412346645e-02
4.286919866925516243e-02
4.288320902173201055e-02
4.289892623022297652e-02
4.291650470084072688e-02
4.293611682791426826e-02
4.295795457969978776e-02
4.298223124949668295e-02
4.300918338313931139e-02
4.303907289420818433e-02
4.307218937850076229e-02
4.310885263927597549e-02
4.314941543446194211e-02
4.319426645632194056e-02
4.324383355288988207e-02
4.329858719873713735e-02
4.335904422011929021e-02
4.342577177617038681e-02
4.349939159331993321e-02
4.358058444432057199e-02
4.367009485591101525e-02
4.376873601992972013e-02
4.387739487132379101e-02
4.399703728260893204e-02
4.412871330758744159e-02
4.427356238714232756e-02
4.443281840634457497e-02
4.460781446462577793e-02
4.479998718914311728e-02
4.501088038558418575e-02
4.524214778063963271e-02
4.549555456653734536e-02
4.577297741118908914e-02
4.607640254884528414e-02
4.640792151761564260e-02
4.676972406443362373e-02
4.716408769861302891e-02
4.759336334670052904e-02
4.805995654960781849e-02
4.856630365486932360e-02
4.911484250015678982e-02
4.970797716741582467e-02
5.034803651882272663e-02
5.103722641421494510e-02
5.177757576093051234e-02
5.257087686416846845e-02
5.341862092719341926e-02
5.432192998758163943e-02
5.528148705149978082e-02
5.629746667659445147e-02
5.736946871943182646e-02
5.849645836063200460e-02
5.967671579852149022e-02
6.090779910695305610e-02
6.218652363572429315e-02
6.350896095535964181e-02
6.487045969407900792e-02
6.626568969250887231e-02
6.768870975131016654e-02
6.913305794064393550e-02
7.059186207835908833e-02
7.205796668446547149e-02
7.352407160633521455e-02
7.498287669449982262e-02
7.642722647848164408e-02
7.785024879208940485e-02
7.924548172805176427e-02
8.060698411642824857e-02
8.192942583437270998e-02
8.320815555412436337e-02
8.443924489816034828e-02
8.561950927668492139e-02
8.674650683301399212e-02
8.781851784469146827e-02
8.883450758209932019e-02
8.979407600301141101e-02
9.069739777873689346e-02
9.154515604270165030e-02
9.233847297460841264e-02
9.307883993613838558e-02
9.376804940878373518e-02
9.440813049581642247e-02
9.500128927460786687e-02
9.554985484864747525e-02
9.605623156738653246e-02
9.652285756487376245e-02
9.695216951685575735e-02
9.734657332757851167e-02
9.770842032567943203e-02
9.803998846534367484e-02
9.834346798560870961e-02
9.862095096884808398e-02
9.887442425117667910e-02
9.910576516599907404e-02
9.931673964132282928e-02
9.950900221726462214e-02
9.968409759873027298e-02
9.984346340687667853e-02
9.998843383987104927e-02
1.001202439972432995e-01
1.002400346622133870e-01
1.003488573722282895e-01
1.004476796395980254e-01
1.005373902116216411e-01
1.006188042831759333e-01
1.006926685947623634e-01
1.007596663657675112e-01
1.008204220265945666e-01
1.008755057247415626e-01
1.009254375890998451e-01
1.009706917441829943e-01
1.010117000717661168e-01
1.010488557219905992e-01
1.010825163793650228e-01
1.011130072916853889e-01
1.011406240716588578e-01
1.011656352822874055e-01
1.011882848177824840e-01
1.012087940921939239e-01
1.012273640480241960e-01
1.012441769969724403e-01
1.012593983046696372e-01
1.012731779308582575e-01
1.012856518359668140e-01
1.012969432644908740e-01
1.013071639150015663e-01
1.013164150060061330e-01
1.013247882462844918e-01
1.013323667177373349e-01
1.013392256781972395e-01
1.013454332911088995e-01
1.013510512884490677e-01
1.013561355727574526e-01
1.013607367636744361e-01
1.013649006939518482e-01
1.013686688594626212e-01
1.013720788273874268e-01
1.013751646063583978e-01
1.013779569820515425e-01
1.013804838213823584e-01
1.013827703482010067e-01
1.013848393931125885e-01
1.013867116198220036e-01
1.013884057301815550e-01
1.013899386499206856e-01
1.013913256968627524e-01
1.013925807332645423e-01
1.013937163037587769e-01
1.013947437602586155e-01
1.013956733750378258e-01
1.013965144431046989e-01
1.013972753748732941e-01
1.013979637800457578e-01
1.013985865435325234e-01
1.013991498941663183e-01
1.013996594668780810e-01
1.014001203589653399e-01
1.014005371809977574e-01
1.014009141028753558e-01
1.014012548954890680e-01
1.014015629684024977e-01
1.014018414039275645e-01
1.014020929879344418e-01
1.014023202376995725e-01
1.014025254270737586e-01
1.014027106092193209e-01
1.014028776371383583e-01
1.014030281822057289e-01
1.014031637508848310e-01
1.014032856997932330e-01
1.014033952492736229e-01
1.014034934956013351e-01
1.014035814219499537e-01
1.014036599082257378e-01
1.014037297398740350e-01
1.014037916157331104e-01
1.014038461550291204e-01
1.014038939035704634e-01
1.014039353392072601e-01
1.014039708766168030e-01
1.014040008714477969e-01
1.014040256238824544e-01
1.014040453816374976e-01
1.014040603424455761e-01
1.014040706560324495e-01
1.014040764256143867e-01
1.014040777089326717e-01
1.014040745188311832e-01
1.014040668233823356e-01
1.014040545455711928e-01
1.014040375625231832e-01
1.014040157042739448e-01
1.014039887520690741e-01
1.014039564361760015e-01
1.014039184331835958e-01
1.014038743627671962e-01
1.014038237838822409e-01
1.014037661903526844e-01
1.014037010058036065e-01
1.014036275778967405e-01
1.014035451718035552e-01
1.014034529628523862e-01
1.014033500282771061e-01
1.014032353379883677e-01
1.014031077442662937e-01
1.014029659702792574e-01
1.014028085973138898e-01
1.014026340505812529e-01
1.014024405834690612e-01
1.014022262600716012e-01
1.014019889358302867e-01
1.014017262360885768e-01
1.014014355323481359e-01
1.014011139159905622e-01
1.014007581691990789e-01
1.014003647327957336e-01
1.013999296706711711e-01
1.013994486304504589e-01
1.013989168000094809e-01
1.013983288594044879e-01
1.013976789277426793e-01
1.013969605044568040e-01
1.013961664044168154e-01
1.013952886862216352e-01
1.013943185729660607e-01
1.013932463647075899e-01
1.013920613417521044e-01
1.013907516578287094e-01
1.013893042220772867e-01
1.013877045687107126e-01
1.013859367130639094e-01
1.013839829926227454e-01
1.013818238914863529e-01
1.013794378465511653e-01
1.013768010335390074e-01
1.013738871308009909e-01
1.013706670586246444e-01
1.013671086915397951e-01
1.013631765408834484e-01
1.013588314046069278e-01
1.013540299810165440e-01
1.013487244428305095e-01
1.013428619675821318e-01
1.013363842200253329e-01
1.013292267818121650e-01
1.013213185232652164e-01
1.013125809116079135e-01
1.013029272495315769e-01
1.012922618374510614e-01
1.012804790522359027e-01
1.012674623346498798e-01
1.012530830771077445e-01
1.012371994027539412e-01
1.012196548262332824e-01
1.012002767859077473e-01
1.011788750366562906e-01
1.011552398918258017e-01
1.011291403023862612e-01
1.011003217609090926e-01
1.010685040177003446e-01
1.010333785962767156e-01
1.009946060954802077e-01
1.009518132659346507e-01
1.009045898493258209e-01
1.008524851702718578e-01
1.007950044724359312e-01
1.007316049931914759e-01
1.006616917747145401e-01
1.005846132141176852e-01
1.004996563612874233e-01
1.004060419808314730e-01
1.003029194041364786e-01
1.001893612094835601e-01
1.000643577826196007e-01
9.992681182773480164e-02
9.977553291964372240e-02
9.960923221259285198e-02
9.942651744982596018e-02
9.922588845104335364e-02
9.900573329234003961e-02
9.876432543499648331e-02
9.849982210522349735e-02
9.821026427588230856e-02
9.789357865194446562e-02
9.754758211215540376e-02
9.716998910710557269e-02
9.675842255509135847e-02
9.631042880682330609e-02
9.582349726227501474e-02
9.529508521059848469e-02
9.472264841885606745e-02
9.410367790847939951e-02
9.343574322078630756e-02
9.271654227625024391e-02
9.194395766998025854e-02
9.111611891491970538e-02
9.023146974645128437e-02
8.928883914622706697e-02
8.828751424654339430e-02
8.722731276673280354e-02
8.610865214743000651e-02
8.493261213409347699e-02
8.370098727139324568e-02
8.241632566068976540e-02
8.108195045515331767e-02
7.970196096012896469e-02
7.828121088874824551e-02
7.682526228519245826e-02
7.534031482845947314e-02
7.383311159255710743e-02
7.231082376039311976e-02
7.078091814445428009e-02
6.925101252894322323e-02
6.772872469806733020e-02
6.622152146432563891e-02
6.473657401064783490e-02
6.328062541107312700e-02
6.185987534463756321e-02
6.047988585557344948e-02
5.914551065707119443e-02
5.786084905454644267e-02
5.662922420125129225e-02
5.545318419864014858e-02
5.433452359149059524e-02
5.327432212538318196e-02
5.227299724108923351e-02
5.133036665809536520e-02
5.044571750887007905e-02
4.961787877525889595e-02
4.884529419285802559e-02
4.812609327485090766e-02
4.745815861661115131e-02
4.683918813890722982e-02
4.626675138338455506e-02
4.573833937183673093e-02
4.525140787172795415e-02
4.480341417265461257e-02
4.439184767508284196e-02
4.401425473026816804e-02
4.366825825711006387e-02
4.335157270686543912e-02
4.306201495901695875e-02
4.279751171935302495e-02
4.255610396163495013e-02
4.233594891307253250e-02
4.213532003604725934e-02
4.195260540787314890e-02
4.178630484959716673e-02
4.163502610595264108e-02
4.149748033283161969e-02
4.137247710686747793e-02
4.125891913426166235e-02
4.115579680298381976e-02
4.106218269376964852e-02
4.097722614072260572e-02
4.090014791144872680e-02
4.083023505915147483e-02
4.076683598460818791e-02
4.070935573404559776e-02
4.065725154931301710e-02
4.061002867902124835e-02
4.056723645325610583e-02
4.052846461974605324e-02
4.049333993579365409e-02
4.046152300762173581e-02
4.043270536690371508e-02
4.040660677296052661e-02
4.038297272832797741e-02
4.036157219498624771e-02
4.034219549845134006e-02
4.032465240705165183e-02
4.030877037401264795e-02
4.029439293040592424e-02
4.028137821753011855e-02
4.026959764786364887e-02
4.025893468434418171e-02
4.024928372834754575e-02
4.024054910737075164e-02
4.023264415403755151e-02
4.022549036865043226e-02
4.021901665808974569e-02
4.021315864441103033e-02
4.020785803702143363e-02
4.020306206280127581e-02
4.019872294900746212e-02
4.019479745422070704e-02
4.019124644300443860e-02
4.018803450031450258e-02
4.018512958204172730e-02
4.018250269838997968e-02
4.018012762708432495e-02
4.017798065367088334e-02
4.017604033642015182e-02
4.017428729356900541e-02
4.017270401084847148e-02
4.017127466742873715e-02
4.016998497858669664e-02
4.016882205356903102e-02
4.016777426725192529e-02
4.016683114434870666e-02
4.016598325502201278e-02
4.016522212087934168e-02
4.016454013041983323e-02
4.016393046310604009e-02
4.016338702130341221e-02
4.016290436941778036e-02
4.016247767963004173e-02
4.016210268368576586e-02
4.016177563026619712e-02
4.016149324751348143e-02
4.016125271034313993e-02
4.016105161221152076e-02
4.016088794106482951e-02
4.016076005922619013e-02
4.016066668702014675e-02
4.016060688997530326e-02
4.016058006947152009e-02
4.016058595674337761e-02
4.016062461017682467e-02
4.016069641587118738e-02
4.016080209147420560e-02
4.016094269332350780e-02
4.016111962696628651e-02
4.016133466116111189e-02
4.016158994549788586e-02
4.016188803180952005e-02
4.016223189958541273e-02
4.016262498563705208e-02
4.016307121830419574e-02
4.016357505653964100e-02
4.016414153425074129e-02
4.016477631033309181e-02
4.016548572488113505e-02
4.016627686212426163e-02
4.016715762069165974e-02
4.016813679189257941e-02
4.016922414675469510e-02
4.017043053266167868e-02
4.017176798050743625e-02
4.017324982338423001e-02
4.017489082792209676e-02
4.017670733951377027e-02
4.017871744277294599e-02
4.018094113871061718e-02
4.018340054024630015e-02
4.018612008783137290e-02
4.018912678711243636e-02
4.019245047074009036e-02
4.019612408660885872e-02
4.020018401500366489e-02
4.020467041733195163e-02
4.020962761932471430e-02
4.021510453180735661e-02
4.022115511235762469e-02
4.022783887137892228e-02
4.023522142633771670e-02
4.024337510810183094e-02
4.025237962349961091e-02
4.026232277837204360e-02
4.027330126548226558e-02
4.028542152170596496e-02
4.029880065887921775e-02
4.031356747255053496e-02
4.032986353260647333e-02
4.034784435930138802e-02
4.036768068757062150e-02
4.038955982159070368e-02
4.041368708031613938e-02
4.044028733309060902e-02
4.046960662234085765e-02
4.050191386769388252e-02
4.053750264253463270e-02
4.057669300992022832e-02
4.061983339975066415e-02
4.066730250306722222e-02
4.071951115213671979e-02
4.077690414648386247e-02
4.083996197513522358e-02
4.090920237393420866e-02
4.098518164387689178e-02
4.106849564198195718e-02
4.115978034043787231e-02
4.125971183288344724e-02
4.136900564916031614e-02
4.148841522239155033e-02
4.161872933574770755e-02
4.176076836206540910e-02
4.191537909923333943e-02
4.208342800004141737e-02
4.226579259945389966e-02
4.246335095786175212e-02
4.267696896883931001e-02
4.290748542740618898e-02
4.315569482266791435e-02
4.342232790920159263e-02
4.370803022577251368e-02
4.401333886727373801e-02
4.433865797308577522e-02
4.468423356643143329e-02
4.505012855523998772e-02
4.543619887263383034e-02
4.584207187820046880e-02
4.626712824120965406e-02
4.671048856469122573e-02
4.717100596707007876e-02
4.764726570240797321e-02
4.813759266478920967e-02
4.864006729024616948e-02
4.915254995533027693e-02
4.967271350099872196e-02
5.019808301997044642e-02
5.072608157777659665e-02
5.125408013684596559e-02
5.177944965962084922e-02
5.229961321166978760e-02
5.281209588577586572e-02
5.331457052298681915e-02
5.380489749997117294e-02
5.428115725290798277e-02
5.474167467605748488e-02
5.518503502368891228e-02
5.561009141446941750e-02
5.601596445170653471e-02
5.640203480498709454e-02
5.676792983425799771e-02
5.711350547304600705e-02
5.743882462973547154e-02
5.774413332805859722e-02
5.802983570796426543e-02
5.829646886497959202e-02
5.854467833857535108e-02
5.877519488411251519e-02
5.898881299156701757e-02
5.918637145692407647e-02
5.936873617482828908e-02
5.953678520685699166e-02
5.969139608928748092e-02
5.983343527636311721e-02
5.996374956758169367e-02
6.008315933756031707e-02
6.019245337143855346e-02
6.029238510451667699e-02
6.038367006904550582e-02
6.046698436132651872e-02
6.054296395649184925e-02
6.061220471481630623e-02
6.067526294089296834e-02
6.073265637454353799e-02
6.078486550919094678e-02
6.083233514921991547e-02
6.087547613226855503e-02
6.091466715531573123e-02
6.095025665482364102e-02
6.098256470110091643e-02
6.101188487554990575e-02
6.103848610665611046e-02
6.106261444663776267e-02
6.108449477566049030e-02
6.110433242463856468e-02
6.112231471096658125e-02
6.113861238418847460e-02
6.115338098070352557e-02
6.116676208824162880e-02
6.117888452207128486e-02
6.118986541582266403e-02
6.119981123045811072e-02
6.120881868536057896e-02
6.121697561579010627e-02
6.122436176108885658e-02
6.123104948805787456e-02
6.123710445387613166e-02
6.124258621283586168e-02
6.124754877101962203e-02
6.125204109285976861e-02
6.125610756333093460e-02
6.125978840931532721e-02
6.126312008345877191e-02
6.126613561362759947e-02
6.126886492085308056e-02
6.127133510845949455e-02
6.127357072484733436e-02
6.127559400223890618e-02
6.127742507349385331e-02
6.127908216894258769e-02
6.128058179501832958e-02
6.128193889632811003e-02
6.128316700265907385e-02
6.128427836228519943e-02
6.128528406283303281e-02
6.128619414083762151e-02
6.128701768103849562e-02
6.128776290635414015e-02
6.128843725940726073e-02
6.128904747637708983e-02
6.128959965389745024e-02
6.129009930964825908e-02
6.129055143723044496e-02
6.129096055585690761e-02
6.129133075534982933e-02
6.129166573688041991e-02
6.129196884985498722e-02
6.129224312530945351e-02
6.129249130613831364e-02
6.129271587446185471e-02
6.129291907639652925e-02
6.129310294447758850e-02
6.129326931795437555e-02
6.129341986115898616e-02
6.129355608013142831e-02
6.129367933766791815e-02
6.129379086693778622e-02
6.129389178380890285e-02
6.129398309800040273e-02
6.129406572317750573e-02
6.129414048608635562e-02
6.129420813481924191e-02
6.129426934629740586e-02
6.129432473303889767e-02
6.129437484928507152e-02
6.129442019654463003e-02
6.129446122860969515e-02
6.129449835609455249e-02
6.129453195054471865e-02
6.129456234815207349e-02
6.129458985312010583e-02
6.129461474070626442e-02
6.129463725997574830e-02
6.129465763629456110e-02
6.129467607358455444e-02
6.129469275636179049e-02
6.129470785158593754e-02
6.129472151032785282e-02
6.129473386928396827e-02
6.129474505214222574e-02
6.129475517082094010e-02
6.129476432658851476e-02
6.129477261107663805e-02
6.129478010719698750e-02
6.129478688997163499e-02
6.129479302728366163e-02
6.129479858055639219e-02
6.129480360536786882e-02
6.129480815200748223e-02
6.129481226597860433e-02
6.129481598845511192e-02
6.129481935669214843e-02
6.129482240440003310e-02
6.129482516208096393e-02
6.129482765733455102e-02
6.129482991513389434e-02
6.129483195807546719e-02
6.129483380660578906e-02
6.129483547922551234e-02
6.129483699267478797e-02
6.129483836210041642e-02
6.129483960120808012e-02
6.129484072239940046e-02
6.129484173689491583e-02
6.129484265484873295e-02
6.129484348544793348e-02
6.129484423700513884e-02
6.129484491704203369e-02
6.129484553236520111e-02
6.129484608913247229e-02
6.129484659291649373e-02
6.129484704875895473e-02
6.129484746122235844e-02
6.129484783443466672e-02
6.129484817213110004e-02
6.129484847769173933e-02
6.129484875417429146e-02
6.129484900434618161e-02
6.129484923071085167e-02
6.129484943553430848e-02
6.129484962086594046e-02
6.129484978856107602e-02
6.129484994029809480e-02
6.129485007759541415e-02
6.129485020182674077e-02
6.129485031423623220e-02
6.129485041594853051e-02
6.129485050798164775e-02
6.129485059125656943e-02
6.129485066660701059e-02
6.129485073478653512e-02
6.129485079647832568e-02
6.129485085229915281e-02
6.129485090280805543e-02
6.129485094851031685e-02
6.129485098986333508e-02
6.129485102728110535e-02
6.129485106113825160e-02
6.129485109177350288e-02
6.129485111949312115e-02
6.129485114457518952e-02
6.129485116727011879e-02
6.129485118780553243e-02
6.129485120638657192e-02
6.129485122319966450e-02
6.129485123841275224e-02
6.129485125217766506e-02
6.129485126463309064e-02
6.129485127590324212e-02
6.129485128610102918e-02
6.129485129532783599e-02
6.129485130367707396e-02
6.129485131123153102e-02
6.129485131806720888e-02
6.129485132425226829e-02
6.129485132984881929e-02
6.129485133491286569e-02
6.129485133949479775e-02
6.129485134364091869e-02
6.129485134739228597e-02
6.129485135078678593e-02
6.129485135385806527e-02
6.129485135663732126e-02
6.129485135915208743e-02
6.129485136142748952e-02
6.129485136348628016e-02
6.129485136534928297e-02
6.129485136703475417e-02
6.129485136855995775e-02
6.129485136994015926e-02
6.129485137118906302e-02
6.129485137231899250e-02
6.129485137334133443e-02
6.129485137426625430e-02
6.129485137510328613e-02
6.129485137586074966e-02
6.129485137654618054e-02
6.129485137716622623e-02
6.129485137772754111e-02
6.129485137823516283e-02
6.129485137869460781e-02
6.129485137911018511e-02
6.129485137948625928e-02
6.129485137982642468e-02
6.129485138013456708e-02
6.129485138041330938e-02
6.129485138066549654e-02
6.129485138089350860e-02
6.129485138109989906e-02
6.129485138128673571e-02
6.129485138145574635e-02
6.129485138160875590e-02
6.129485138174699949e-02
6.129485138187220489e-02
6.129485138198539906e-02
6.129485138208794204e-02
6.129485138218057627e-02
6.129485138226459934e-02
6.129485138234060798e-02
6.129485138240902548e-02
6.129485138247134368e-02
6.129485138252782628e-02
6.129485138257850796e-02
6.129485138262468630e-02
6.129485138266625721e-02
6.129485138270424072e-02
6.129485138273813721e-02
6.129485138276910550e-02
6.129485138279706230e-02
6.129485138282225742e-02
6.129485138284512802e-02
6.129485138286584756e-02
6.129485138288451318e-02
6.129485138290179103e-02
6.129485138291662638e-02
6.129485138293105234e-02
6.129485138294320234e-02
6.129485138295473479e-02
6.129485138296518476e-02
6.129485138297419144e-02
6.129485138298273322e-02
6.129485138299058111e-02
6.129485138299718694e-02
6.129485138300348745e-02
6.129485138300919816e-02
6.129485138301454111e-02
6.129485138301899588e-02
6.129485138302312452e-02
6.129485138302707969e-02
6.129485138303037567e-02
6.129485138303365083e-02
6.129485138303655822e-02
6.129485138303922276e-02
6.129485138304154729e-02
6.129485138304361508e-02
6.129485138304556491e-02
6.129485138304727881e-02
6.129485138304895109e-02
6.129485138305051928e-02
6.129485138305200420e-02
6.129485138305324626e-02
6.129485138305439812e-02
6.129485138305544589e-02
6.129485138305647285e-02
6.129485138305738878e-02
6.129485138305827002e-02
6.129485138305917208e-02
6.129485138306003250e-02
6.129485138306083047e-02
6.129485138306168396e-02
6.129485138306250969e-02
6.129485138306330072e-02
6.129485138306420278e-02
6.129485138306504238e-02
6.129485138306590281e-02
6.129485138306673547e-02
6.129485138306763059e-02
6.129485138306856040e-02
6.129485138306953185e-02
6.129485138307064901e-02
6.129485138307173842e-02
6.129485138307290415e-02
6.129485138307433356e-02
6.129485138307595032e-02
6.129485138307753933e-02
6.129485138307936426e-02
6.129485138308132797e-02
6.129485138308343045e-02
6.129485138308570641e-02
6.129485138308816972e-02
6.129485138309113262e-02
6.129485138309431064e-02
6.129485138309769682e-02
6.129485138310127035e-02
6.129485138310558634e-02
6.129485138311022846e-02
6.129485138311514814e-02
6.129485138312085885e-02
6.129485138312703446e-02
6.129485138313379988e-02
6.129485138314137022e-02
6.129485138314984954e-02
6.129485138315877990e-02
6.129485138316911191e-02
6.129485138318035292e-02
6.129485138319277354e-02
6.129485138320657500e-02
6.129485138322168097e-02
6.129485138323830656e-02
6.129485138325661137e-02
6.129485138327749050e-02
6.129485138329972965e-02
6.129485138332489702e-02
6.129485138335252076e-02
6.129485138338292699e-02
6.129485138341665695e-02
6.129485138345378697e-02
6.129485138349505258e-02
6.129485138354033580e-02
6.129485138359083707e-02
6.129485138364641067e-02
6.129485138370758396e-02
6.129485138377548104e-02
6.129485138385049742e-02
6.129485138393326454e-02
6.129485138402489958e-02
6.129485138412620049e-02
6.129485138423802076e-02
6.129485138436167879e-02
6.129485138449817377e-02
6.129485138464942778e-02
6.129485138481621104e-02
6.129485138500060520e-02
6.129485138520449072e-02
6.129485138542980355e-02
6.129485138567871555e-02
6.129485138595378718e-02
6.129485138625798135e-02
6.129485138659399729e-02
6.129485138696554036e-02
6.129485138737586492e-02
6.129485138782946735e-02
6.129485138833092039e-02
6.129485138888478291e-02
6.129485138949742479e-02
6.129485139017394613e-02
6.129485139092188950e-02
6.129485139174849911e-02
6.129485139266187266e-02
6.129485139367175234e-02
6.129485139478725586e-02
6.129485139602047772e-02
6.129485139738325566e-02
6.129485139888923850e-02
6.129485140055375425e-02
6.129485140239348401e-02
6.129485140442657298e-02
6.129485140667338683e-02
6.129485140915664348e-02
6.129485141190094827e-02
6.129485141493367512e-02
6.129485141828556333e-02
6.129485142199006531e-02
6.129485142608424170e-02
6.129485143060885155e-02
6.129485143560917809e-02
6.129485144113568790e-02
6.129485144724314272e-02
6.129485145399336810e-02
6.129485146145319946e-02
6.129485146969732012e-02
6.129485147880883722e-02
6.129485148887861556e-02
6.129485150000740096e-02
6.129485151230661816e-02
6.129485152589917579e-02
6.129485154092156191e-02
6.129485155752380232e-02
6.129485157587191008e-02
6.129485159614985607e-02
6.129485161856045028e-02
6.129485164332801328e-02
6.129485167070038154e-02
6.129485170095150953e-02
6.129485173438428691e-02
6.129485177133280061e-02
6.129485181216765000e-02
6.129485185729722369e-02
6.129485190717282039e-02
6.129485196229386007e-02
6.129485202321222070e-02
6.129485209053732453e-02
6.129485216494304223e-02
6.129485224717418079e-02
6.129485233805373467e-02
6.129485243849099041e-02
6.129485254949112311e-02
6.129485267216561867e-02
6.129485280774180783e-02
6.129485295757653579e-02
6.129485312316959589e-02
6.129485330617834987e-02
6.129485350843422165e-02
6.129485373196130044e-02
6.129485397899719218e-02
6.129485425201397497e-02
6.129485455374428238e-02
6.129485488720778918e-02
6.129485525574214499e-02
6.129485566303534416e-02
6.129485611316377869e-02
6.129485661063304586e-02
6.129485716042127469e-02
6.129485776803147296e-02
6.129485843954418645e-02
6.129485918168094127e-02
6.129486000186856048e-02
6.129486090831620659e-02
6.129486191009593521e-02
6.129486301723326147e-02
6.129486424080950874e-02
6.129486559307036758e-02
6.129486708754979668e-02
6.129486873920481776e-02
6.129487056456586758e-02
6.129487258190155496e-02
6.129487481140237504e-02
6.129487727538139585e-02
6.129487999849946023e-02
6.129488300801028133e-02
6.129488633403359227e-02
6.129489000985768876e-02
6.129489407227100423e-02
6.129489856193187647e-02
6.129490352377370971e-02
6.129490900745655779e-02
6.129491506786229754e-02
6.129492176564566019e-02
6.129492916783985806e-02
6.129493734852770048e-02
6.129494638958463831e-02
6.129495638149547870e-02
6.129496742426198547e-02
6.129497962840263492e-02
6.129499311606018824e-02
6.129500802222212497e-02
6.129502449607267256e-02
6.129504270248593845e-02
6.129506282367501446e-02
6.129508506101685739e-02
6.129510963706684412e-02
6.129513679778596236e-02
6.129516681500269543e-02
6.129519998913280504e-02
6.129523665218632872e-02
6.129527717108995688e-02
6.129532195135879713e-02
6.129537144115432962e-02
6.129542613577015908e-02
6.129548658258636429e-02
6.129555338654951030e-02
6.129562721622384275e-02
6.129570881048319181e-02
6.129579898590246934e-02
6.129589864492999973e-02
6.129600878491604787e-02
6.129613050809200325e-02
6.129626503259890530e-02
6.129641370467443090e-02
6.129657801212081564e-02
6.129675959919023837e-02
6.129696028303192878e-02
6.129718207187045964e-02
6.129742718509289395e-02
6.129769807544631355e-02
6.129799745356975804e-02
6.129832831510155511e-02
6.129869397063550385e-02
6.129909807882231998e-02
6.129954468294915998e-02
6.130003825135948298e-02
6.130058372211602546e-02
6.130118655235423236e-02
6.130185277281235967e-02
6.130258904808690013e-02
6.130340274320592031e-02
6.130430199718708145e-02
6.130529580430522929e-02
6.130639410388030730e-02
6.130760787946961526e-02
6.130894926845183168e-02
6.131043168308010494e-02
6.131206994420245610e-02
6.131388042896688401e-02
6.131588123396082557e-02
6.131809235539423253e-02
6.132053588808376171e-02
6.132323624518824096e-02
6.132622040084079879e-02
6.132951815803324574e-02
6.133316244435187831e-02
6.133718963842519495e-02
6.134163993022440087e-02
6.134655771867297824e-02
6.135199205035770514e-02
6.135799710350929581e-02
6.136463272181970352e-02
6.137196500310626579e-02
6.138006694830005355e-02
6.138901917676099773e-02
6.139891071446584164e-02
6.140983986222040697e-02
6.142191515167835097e-02
6.143525639763354473e-02
6.144999585578108520e-02
6.146627949589294343e-02
6.148426840116837794e-02
6.150414030533610243e-02
6.152609127995082444e-02
6.155033758518581311e-02
6.157711769828554116e-02
6.160669453468907431e-02
6.163935787762443719e-02
6.167542703268198007e-02
6.171525372447747571e-02
6.175922525291632076e-02
6.180776792675882203e-02
6.186135079204923420e-02
6.192048967239639767e-02
6.198575153703114737e-02
6.205775921077642809e-02
6.213719643746951071e-02
6.222481330470310684e-02
6.232143203281141630e-02
6.242795312450549056e-02
6.254536186316614343e-02
6.267473513714680311e-02
6.281724855411932595e-02
6.297418379306560232e-02
6.314693612145370893e-02
6.333702198096502478e-02
6.354608651627717542e-02
6.377591088738722436e-02
6.402841916629796459e-02
6.430568457326306386e-02
6.460993475603833691e-02
6.494355575783888890e-02
6.530909425649693290e-02
6.570925758973161779e-02
6.614691101127374850e-02
6.662507155258004521e-02
6.714689779883784015e-02
6.771567483109594554e-02
6.833479354532875916e-02
6.900772354232803663e-02
6.973797879942181255e-02
7.052907539743424881e-02
7.138448069633328286e-02
7.230755354311740879e-02
7.330147536727238400e-02
7.436917238150062004e-02
7.551322956282582877e-02
7.673579763892550420e-02
7.803849493457036546e-02
7.942230661918496526e-02
8.088748460115302574e-02
8.243345198559703935e-02
8.405871658515809419e-02
8.576079837376696102e-02
8.753617592455673058e-02
8.938025670402062473e-02
9.128737555133321913e-02
9.325082472867235461e-02
9.526291759837993145e-02
9.731508632379755330e-02
9.939801210685046684e-02
1.015017845112360095e-01
1.036160845462831964e-01
1.057303845813316601e-01
1.078341569857174664e-01
1.099170827687705604e-01
1.119692514941875577e-01
1.139813443638953844e-01
1.159447935412343117e-01
1.178519123885473918e-01
1.196959931680110362e-01
1.214713707188003478e-01
1.231734525074098807e-01
1.247987171069701445e-01
1.263446844914150324e-01
1.278098624733828292e-01
1.291936741579972070e-01
1.304963714536420960e-01
1.317189395297416465e-01
1.328629967110672161e-01
1.339306937252952301e-01
1.349246155494496779e-01
1.358476883962343729e-01
1.367030936951335873e-01
1.374941902931456073e-01
1.382244455502399383e-01
1.388973755472389382e-01
1.395164942614713077e-01
1.400852712937294686e-01
1.406070975399876521e-01
1.410852580812938795e-01
1.415229115028363294e-01
1.419230748360705285e-01
1.422886133347281978e-01
1.426222343365294576e-01
1.429264845193045919e-01
1.432037499262694968e-01
1.434562582051807089e-01
1.436860825762903693e-01
1.438951471116022285e-01
1.440852329711137803e-01
1.442579852995018730e-01
1.444149205384482604e-01
1.445574339554209775e-01
1.446868072294008878e-01
1.448042159680617558e-01
1.449107370597559064e-01
1.450073557878644726e-01
1.450949726550978813e-01
1.451744098817908113e-01
1.452464175555361892e-01
1.453116794201711193e-01
1.453708183005182342e-01
1.454244011658091806e-01
1.454729438396510088e-01
1.455169153680898331e-01
1.455567420598859463e-01
1.455928112149428300e-01
1.456254745578777765e-01
1.456550513942814762e-01
1.456818315073810377e-01
1.457060778126164358e-01
1.457280287872312063e-01
1.457479006913993125e-01
1.457658895966747747e-01
1.457821732367864664e-01
1.457969126949340000e-01
1.458102539408891729e-01
1.458223292303467977e-01
1.458332583781009051e-01
1.458431499158061584e-01
1.458521021442668320e-01
1.458602040894612650e-01
1.458675363707477024e-01
1.458741719890576105e-01
1.458801770422093191e-01
1.458856113738941640e-01
1.458905291623430467e-01
1.458949794541418710e-01
1.458990066482152570e-01
1.459026509345331679e-01
1.459059486917259341e-01
1.459089328473788805e-01
1.459116332044826658e-01
1.459140767371721881e-01
1.459162878586056644e-01
1.459182886635996546e-01
1.459200991483634857e-01
1.459217374094861908e-01
1.459232198241143807e-01
1.459245612130960490e-01
1.459257749886856415e-01
1.459268732882604003e-01
1.459278670953784718e-01
1.459287663493595011e-01
1.459295800444780911e-01
1.459303163197531172e-01
1.459309825402100302e-01
1.459315853704480359e-01
1.459321308412040719e-01
1.459326244096144920e-01
1.459330710137408671e-01
1.459334751219270587e-01
1.459338407774608826e-01
1.459341716389923049e-01
1.459344710171143755e-01
1.459347419074673857e-01
1.459349870206892719e-01
1.459352088095267064e-01
1.459354094933680845e-01
1.459355910804366052e-01
1.459357553878814773e-01
1.459359040599561008e-01
1.459360385844610808e-01
1.459361603076356484e-01
1.459362704476203920e-01
1.459363701066455632e-01
1.459364602820630852e-01
1.459365418763205746e-01
1.459366157059925617e-01
1.459366825099527587e-01
1.459367429567664520e-01
1.459367976513782639e-01
1.459368471411703616e-01
1.459368919214351357e-01
1.459369324403345658e-01
1.459369691033834959e-01
1.459370022775084985e-01
1.459370322947188825e-01
1.459370594554319778e-01
1.459370840314737350e-01
1.459371062688079035e-01
1.459371263899882920e-01
1.459371445963920655e-01
1.459371610702315247e-01
1.459371759763813670e-01
1.459371894640254241e-01
1.459372016681522999e-01
1.459372127109021533e-01
1.459372227027954660e-01
1.459372317438325239e-01
1.459372399244984742e-01
1.459372473266685455e-01
1.459372540244251448e-01
1.459372600848017898e-01
1.459372655684516851e-01
1.459372705302579842e-01
1.459372750198787150e-01
1.459372790822482113e-01
1.459372827580239229e-01
1.459372860839936725e-01
1.459372890934445832e-01
1.459372918164971722e-01
1.459372942804041395e-01
1.459372965098253427e-01
1.459372985270721013e-01
1.459373003523357637e-01
1.459373020038828572e-01
1.459373034982425210e-01
1.459373048503710968e-01
1.459373060738019812e-01
1.459373071807783528e-01
1.459373081823797658e-01
1.459373090886305069e-01
1.459373099086011538e-01
1.459373106504968376e-01
1.459373113217437845e-01
1.459373119290606202e-01
1.459373124785244002e-01
1.459373129756352527e-01
1.459373134253673931e-01
1.459373138322223040e-01
1.459373142002720336e-01
1.459373145332005239e-01
1.459373148343398874e-01
1.459373151067023811e-01
1.459373153530163225e-01
1.459373155757455742e-01
1.459373157771192697e-01
1.459373159591531022e-01
1.459373161236689198e-01
1.459373162723129613e-01
1.459373164065731199e-01
1.459373165277929041e-01
1.459373166371858710e-01
1.459373167358469225e-01
1.459373168247629360e-01
1.459373169048244212e-01
1.459373169768321821e-01
1.459373170415070586e-01
1.459373170994962554e-01
1.459373171513811129e-01
1.459373171976792449e-01
1.459373172388551965e-01
1.459373172753212766e-01
1.459373173074405561e-01
1.459373173355372755e-01
1.459373173598902118e-01
1.459373173807443080e-01
1.459373173983085359e-01
1.459373174127577277e-01
1.459373174242370730e-01
1.459373174328613965e-01
1.459373174387167960e-01
1.459373174418623076e-01
1.459373174423284902e-01
1.459373174401214501e-01
1.459373174352190661e-01
1.459373174275703233e-01
1.459373174170999765e-01
1.459373174037031096e-01
1.459373173872461071e-01
1.459373173675636293e-01
1.459373173444583893e-01
1.459373173177004879e-01
1.459373172870204460e-01
1.459373172521128692e-01
1.459373172126273432e-01
1.459373171681691006e-01
1.459373171182923590e-01
1.459373170624991001e-01
1.459373170002300213e-01
1.459373169308620655e-01
1.459373168537015930e-01
1.459373167679762495e-01
1.459373166728269999e-01
1.459373165673026884e-01
1.459373164503471321e-01
1.459373163207890456e-01
1.459373161773323546e-01
1.459373160185422347e-01
1.459373158428266259e-01
1.459373156484299883e-01
1.459373154334046851e-01
1.459373151955995485e-01
1.459373149326341768e-01
1.459373146418773692e-01
1.459373143204188428e-01
1.459373139650412543e-01
1.459373135721874215e-01
1.459373131379259614e-01
1.459373126579105451e-01
1.459373121273374596e-01
1.459373115408956756e-01
1.459373108927168872e-01
1.459373101763130065e-01
1.459373093845149072e-01
1.459373085093979561e-01
1.459373075422022992e-01
1.459373064732489844e-01
1.459373052918398472e-01
1.459373039861505961e-01
1.459373025431138504e-01
1.459373009482868300e-01
1.459372991857075808e-01
1.459372972377364353e-01
1.459372950848771833e-01
1.459372927055829494e-01
1.459372900760416147e-01
1.459372871699365082e-01
1.459372839581812020e-01
1.459372804086313813e-01
1.459372764857641280e-01
1.459372721503156556e-01
1.459372673588971991e-01
1.459372620635548401e-01
1.459372562112901395e-01
1.459372497435334759e-01
1.459372425955536567e-01
1.459372346958112687e-01
1.459372259652436388e-01
1.459372163164740221e-01
1.459372056529355532e-01
1.459371938679043801e-01
1.459371808434341833e-01
1.459371664491737330e-01
1.459371505410637093e-01
1.459371329598917189e-01
1.459371135297051758e-01
1.459370920560431606e-01
1.459370683239970545e-01
1.459370420960539316e-01
1.459370131097252887e-01
1.459369810749163721e-01
1.459369456710239155e-01
1.459369065437294277e-01
1.459368633014525574e-01
1.459368155114317556e-01
1.459367626953980424e-01
1.459367043247834228e-01
1.459366398154372801e-01
1.459365685217785258e-01
1.459364897303385422e-01
1.459364026526207558e-01
1.459363064172148061e-01
1.459362000610777421e-01
1.459360825198993961e-01
1.459359526174535959e-01
1.459358090538407648e-01
1.459356503924787996e-01
1.459354750457362571e-01
1.459352812590590243e-01
1.459350670934208283e-01
1.459348304059383816e-01
1.459345688284444387e-01
1.459342797438175909e-01
1.459339602598169749e-01
1.459336071801808354e-01
1.459332169726862416e-01
1.459327857338574008e-01
1.459323091499721003e-01
1.459317824539832775e-01
1.459312003779129618e-01
1.459305571002703361e-01
1.459298461879503517e-01
1.459290605320495982e-01
1.459281922769680440e-01
1.459272327420875759e-01
1.459261723352585638e-01
1.459250004572512083e-01
1.459237053962189889e-01
1.459222742111584703e-01
1.459206926032003970e-01
1.459189447735093348e-01
1.459170132663752117e-01
1.459148787960038995e-01
1.459125200553154089e-01
1.459099135049113927e-01
1.459070331402002318e-01
1.459038502344361943e-01
1.459003330552544331e-01
1.458964465520102005e-01
1.458921520109993375e-01
1.458874066753388099e-01
1.458821633260118378e-01
1.458763698202146242e-01
1.458699685828505899e-01
1.458628960465802316e-01
1.458550820354941047e-01
1.458464490870085284e-01
1.458369117061606990e-01
1.458263755460073585e-01
1.458147365073380886e-01
1.458018797504192776e-01
1.457876786109852107e-01
1.457719934121594063e-01
1.457546701635433484e-01
1.457355391381926490e-01
1.457144133178281120e-01
1.456910866962524143e-01
1.456653324307148889e-01
1.456369008308690260e-01
1.456055171750187671e-01
1.455708793437182902e-01
1.455326552613922242e-01
1.454904801376958878e-01
1.454439535018586249e-01
1.453926360254068073e-01
1.453360461315417462e-01
1.452736563932970626e-01
1.452048897274783312e-01
1.451291153976669301e-01
1.450456448473471660e-01
1.449537273938484860e-01
1.448525458255450760e-01
1.447412119589073232e-01
1.446187622289211994e-01
1.444841534062928090e-01
1.443362585581053348e-01
1.441738633953131843e-01
1.439956631807669807e-01
1.438002604052850963e-01
1.435861634763108963e-01
1.433517867032805815e-01
1.430954519049149054e-01
1.428153920046628944e-01
1.425097570192005725e-01
1.421766228781926877e-01
1.418140035375499985e-01
1.414198668583365737e-01
1.409921547134481978e-01
1.405288077476273823e-01
1.400277951461008641e-01
1.394871496557356094e-01
1.389050079434680507e-01
1.382796561644997757e-01
1.376095803448485200e-01
1.368935208608507703e-01
1.361305299292200621e-01
1.353200306193618474e-01
1.344618754869675581e-01
1.335564025348525696e-01
1.326044858714759134e-01
1.316075782030613761e-01
1.305677422066924553e-01
1.294876679307480627e-01
1.283706736872381182e-01
1.272206884529205051e-01
1.260422145751140255e-01
1.248402705497879267e-01
1.236203147428574095e-01
1.223881520760731895e-01
1.211498267963891373e-01
1.199115053878744702e-01
1.186793543733226097e-01
1.174594181162411238e-01
1.162575017339329275e-01
1.150790638688127393e-01
1.139291233770585859e-01
1.128121830535051412e-01
1.117321724141999567e-01
1.106924104075979187e-01
1.096955878220326058e-01
1.087437681854317301e-01
1.078384051742446031e-01
1.069803739962089523e-01
1.061700138934360271e-01
1.054071788132796700e-01
1.046912933830390913e-01
1.040214115590710753e-01
1.033962756564189428e-01
1.028143738581597660e-01
1.022739947163546215e-01
1.017732775584193200e-01
1.013102580817341752e-01
1.008829087413476017e-01
1.004891738035495058e-01
1.001269991503669493e-01
9.979435707924151633e-02
9.948926645354143339e-02
9.920980862988554305e-02
9.895413962487337178e-02
9.872049899385823557e-02
9.850721588455943478e-02
9.831271270431507503e-02
9.813550680654360703e-02
9.797421056334747191e-02
9.782753015026660059e-02
9.769426332815593639e-02
9.757329646763845954e-02
9.746360102466507247e-02
9.736422964194921259e-02
9.727431202082821582e-02
9.719305068145905890e-02
9.711971670613038510e-02
9.705364554059982274e-02
9.699423291158630611e-02
9.694093090443853256e-02
9.689324423333126046e-02
9.685072672678428363e-02
9.681297804352208269e-02
9.677964062749344620e-02
9.675039690590810093e-02
9.672496673030467340e-02
9.670310505762912123e-02
9.668459986600333456e-02
9.666927029804954496e-02
9.665696502325246686e-02
9.664756080969169605e-02
9.664096129449691042e-02
9.663709594145823700e-02
9.663591917325019265e-02
9.663740966462486259e-02
9.664156978163530864e-02
9.664842515033801595e-02
9.665802433644883618e-02
9.667043861503427093e-02
9.668576180637411532e-02
9.670411015066816829e-02
9.672562219015097551e-02
9.675045862246449413e-02
9.677880208379140148e-02
9.681085681433106160e-02
9.684684815232599830e-02
9.688702179617526833e-02
9.693164276750917963e-02
9.698099400178006313e-02
9.703537448755018835e-02
9.709509687180077619e-02
9.716048444719194155e-02
9.723186743914619123e-02
9.730957851718803620e-02
9.739394746723512020e-02
9.748529498090666157e-02
9.758392554543363073e-02
9.769011945441864742e-02
9.780412400588600619e-02
9.792614400955398923e-02
9.805633178880823753e-02
9.819477693205018454e-02
9.834149611913466094e-02
9.849642341627379283e-02
9.865940149052707109e-02
9.883017423540609026e-02
9.900838131439558543e-02
9.919355511226221611e-02
9.938512052937070740e-02
9.958239795936173200e-02
9.978460965668248250e-02
9.999088953349583031e-02
1.002002962358843757e-01
1.004118291515616046e-01
1.006244468126913649e-01
1.008370869958414434e-01
1.010486877028630853e-01
1.012582081440233095e-01
1.014646488447302625e-01
1.016670700597089166e-01
1.018646077967807623e-01
1.020564869139862774e-01
1.022420309424884044e-01
1.024206684854207794e-01
1.025919362325143219e-01
1.027554787973739281e-01
1.029110457181654226e-01
1.030584860574310091e-01
1.031977410914591275e-01
1.033288355966357208e-01
1.034518682250146482e-01
1.035670014210207240e-01
1.036744512735438550e-01
1.037744776301333244e-01
1.038673747290480842e-01
1.039534625358748965e-01
1.040330789079806639e-01
1.041065726547377168e-01
1.041742975154038298e-01
1.042366070400724265e-01
1.042938503317381443e-01
1.043463685883971870e-01
1.043944923720140638e-01
1.044385395248984966e-01
1.044788136523374239e-01
1.045156030920002671e-01
1.045491802947949023e-01
1.045798015475656317e-01
1.046077069746677718e-01
1.046331207625209314e-01
1.046562515582821762e-01
1.046772930006164976e-01
1.046964243468704869e-01
1.047138111668047405e-01
1.047296060782172550e-01
1.047439495044185931e-01
1.047569704374778088e-01
1.047687871946115235e-01
1.047795081579796506e-01
1.047892324905945055e-01
1.047980508230526020e-01
1.048060459074823536e-01
1.048132932364079090e-01
1.048198616253369353e-01
1.048258137586897676e-01
1.048312066993793840e-01
1.048360923628190028e-01
1.048405179565270740e-01
1.048445263867475719e-01
1.048481566336838949e-01
1.048514440970628320e-01
1.048544209137910604e-01
1.048571162494835590e-01
1.048595565656298273e-01
1.048617658641216449e-01
1.048637659107908709e-01
1.048655764395686751e-01
1.048672153387546491e-01
1.048686988208343690e-01
1.048700415771859212e-01
1.048712569189134552e-01
1.048723569049897913e-01
1.048733524587785459e-01
1.048742534739451060e-01
1.048750689106731915e-01
1.048758068830498436e-01
1.048764747383924695e-01
1.048770791292416571e-01
1.048776260786822428e-01
1.048781210395870744e-01
1.048785689483459349e-01
1.048789742735759395e-01
1.048793410602757159e-01
1.048796729698458219e-01
1.048799733163483378e-01
1.048802450993653601e-01
1.048804910337624435e-01
1.048807135766518378e-01
1.048809149518111078e-01
1.048810971717987900e-01
1.048812620579833016e-01
1.048814112586764075e-01
1.048815462655517117e-01
1.048816684285140410e-01
1.048817789691533914e-01
1.048818789929336498e-01
1.048819695002175534e-01
1.048820513962531176e-01
1.048821255002071184e-01
1.048821925533502397e-01
1.048822532264517687e-01
1.048823081264893819e-01
1.048823578027083814e-01
1.048824027521094715e-01
