1.538816099308749571e-04
1.701682425586736956e-04
2.060360694275026642e-04
2.179608172199595166e-04
2.356180967256380984e-04
2.755217724977038598e-04
2.245808194045475993e-04
2.573562821518737311e-04
2.559495321703738474e-04
3.130700500365035145e-04
3.733639923008479728e-04
3.631683196238485230e-04
4.094806752346074209e-04
3.382081318793646861e-04
4.545756504763792802e-04
4.364051501775541558e-04
6.052822575836426305e-04
5.990403257614814944e-04
6.441086577667457002e-04
6.233711301377826627e-04
7.046794128705743650e-04
7.412381031568633346e-04
6.935216988326066943e-04
6.949262839917370350e-04
7.270648275657077240e-04
6.882004226415093864e-04
6.810987391574212409e-04
6.915405203929901297e-04
6.456941027179111505e-04
7.312203018009441353e-04
5.552012990720700189e-04
6.941970287141938046e-04
5.829117121495929615e-04
5.695131164195562940e-04
5.048892261074419165e-04
5.585609376923260675e-04
5.388045989445725817e-04
5.522103404106613834e-04
5.063918189460940144e-04
5.364257556915796128e-04
6.273350454801009373e-04
5.540841117645478554e-04
5.049083385166109944e-04
5.918455537670466726e-04
5.391032681492971242e-04
5.856172412017105963e-04
5.944468389808848672e-04
5.458044611898984393e-04
4.651121041761592913e-04
5.647601871068069160e-04
6.269294002655893643e-04
5.805733897204846429e-04
6.400331269281929209e-04
6.839767211046434304e-04
5.985583825116785927e-04
7.224292742039681433e-04
7.595721942229312742e-04
7.355574410361096155e-04
7.524635197454035982e-04
7.576822051147476429e-04
8.443155634887878529e-04
7.031967721517353538e-04
6.855410089230867853e-04
7.146452160558486397e-04
5.975001204114408502e-04
5.375083351404023185e-04
5.587109100351423177e-04
6.093613200936064556e-04
5.878581561115499244e-04
4.526813640384492587e-04
4.127752605188060630e-04
4.674791727454194511e-04
4.490078458388716736e-04
4.311964177315207166e-04
4.375060839190200571e-04
4.352649936764170675e-04
3.747719334668226992e-04
3.672591414128558059e-04
2.911037901829557103e-04
2.726250914410469810e-04
2.993591889024643272e-04
2.960644130479143021e-04
2.838243515252796001e-04
2.683781957193242087e-04
2.627425245381050079e-04
2.542040662740669712e-04
1.877828825802927294e-04
2.047520603089159768e-04
2.246742522768638522e-04
2.217901718309954527e-04
1.732406143766035888e-04
2.225914146282629137e-04
1.860606209398955207e-04
1.857746904525617293e-04
1.910650776743050045e-04
1.955432393018669587e-04
1.524712106874376273e-04
1.914102711031503035e-04
1.717871148617937014e-04
1.540067213473043331e-04
1.588637771831762134e-04
1.249779041706888338e-04
1.464539992155676029e-04
1.561189229365699818e-04
1.394917087398778448e-04
1.421926933187841080e-04
1.418477510172670513e-04
1.416537656013730094e-04
1.521361032010866280e-04
1.348467318363579426e-04
1.289387983327540074e-04
1.366187808166301285e-04
1.533115534339492725e-04
1.200572195228860541e-04
1.279858061313162159e-04
1.004149058298136146e-04
1.324577435435366868e-04
1.218689530188266350e-04
1.268835558823673700e-04
1.089940301131879920e-04
9.617315505249845792e-05
1.144620676120532339e-04
1.107254148067025038e-04
9.209040123260463023e-05
8.419935419843227378e-05
1.010405346187276735e-04
9.307079668437739245e-05
1.169544820013392240e-04
8.523184764713994928e-05
8.422752457368988424e-05
8.612041607650611653e-05
7.108064748730832092e-05
7.608809349376139200e-05
9.523110975456980918e-05
7.903774346966721434e-05
7.366329784727512590e-05
6.705226445417263894e-05
7.963700506452278595e-05
7.866153750031920763e-05
7.437091398562945726e-05
6.877015292947090625e-05
7.334166489387100054e-05
7.428197658773090593e-05
6.783353442471245023e-05
7.951145476541130082e-05
6.123682202212341952e-05
7.068744063213088966e-05
8.264034834824313591e-05
8.889027161735242740e-05
8.395537473456734276e-05
1.039788332255546602e-04
1.180869032234454119e-04
1.185628444662407575e-04
1.232879731941749328e-04
1.388514264428028662e-04
1.419341864408102730e-04
1.285800182768913585e-04
1.513691341579593934e-04
1.856922863515050046e-04
1.551559934380719596e-04
1.875418189761849362e-04
